10000000
10000000
00000000
00000000
00000000
00000000
00000000
00000000
00000000
00000000
01001000
00101010
01010000
00100000
00110100
01010000
01001010
00000000
00000000
00000000
01010100
00110010
01000100
00101000
00101010
00100010
00000000
01001100
10000000
01000000
00101000
01001010
00110010
01010100
00000000
10000000
01000000
00101000
01010000
00101010
01010100
00101100
00000000
10000000
01000000
00110000
01001000
00101010
01000010
00100100
00000000
10000000
01000000
00101000
01000010
00101100
01000100
00000000
10000000
01000000
00110000
01001000
00110010
01001010
00110100
00000000
10000000
01000000
00100010
01001000
00101010
01010000
00000000
10000000
01000010
00100100
01001010
00101100
01010000
00110100
00000000