000000000
000000000
000000100
000001000
000010000
000010100
000011000
000100000
000100100
000101000
000000000
000000100
000001000
010010000
101010100
100011000
110100000
000100100
000101000
001000000
000000100
000001000
010010000
101010100
100011000
010100000
001100101
110101001
000000000
000000100
000001000
001010000
010010100
000011000
000100010
000000000
000000100
000001000
001010000
001010100
000011000
010100000
000100101
000000000
000000100
000001000
010010000
001010100
000011000
001100000
000100101
000000000
000000100
000001000
001010000
000010100
001011000
000100010
000000000
000000100
000001000
010010000
000010100
000011000
001100000
001100101
000000000
000000100
000001000
010010000
001010100
000011000
010100010
000000000
010000100
001001000
000010000
010010100
001011000
010100000
000100101
000000000
100000100
100001000
100010000
000000000
000000100
100001000
100010000
010010100
000011000
001100000
010100100
001101000
010000000
001000100
001001000
001010011